world: 4913eb8f-6517-438b-9ee7-ef3b43f33895
world-name: world
x: 496.448748598415
y: 79.0
z: 582.6022522413373
yaw: 22.26519775390625
pitch: -3.3479514122009277
name: spawn
lastowner: e3c124fa-3500-30fe-804c-efcc60cef698
